01013500
01022500
01030500
01031500
01047000
01052500
01054200
01055000
01057000
01073000
01078000
01118300
01121000
01123000
01134500
01137500
01139000
01139800
01144000
01162500
01169000
01170100
01181000
01333000
01350000
01350140
01365000
01411300
01413500
01414500
01415000
01423000
01435000
01439500
01440000
01440400
01451800
01466500
01484100
01485500
01487000
01491000
01532000
01539000
01542810
01543000
01543500
01544500
01545600
01547700
01548500
01549500
01550000
01552500
01557500
01567500
01568000
01580000
01583500
01596500
01606500
01620500
01632000
01632900
01634500
01639500
01644000
01658500
01664000
01666500
01667500
01669000
02011400
02011460
02013000
02015700
02016000
02017500
02018000
02027000
02027500
02028500
02038850
02046000
02053200
02053800
02059500
02065500
02069700
02070000
02074500
02077200
02081500
02082950
02092500
02102908
02111500
02118500
02143000
02143040
02149000
02152100
02177000
02178400
02212600
02231000
02245500
02246000
02296500
02299950
02327100
02349900
02361000
02369800
02371500
02372250
02374500
02450250
02479560
03011800
03015500
03021350
03026500
03049800
03066000
03069500
03076600
03078000
03140000
03144000
03161000
03164000
03170000
03173000
03180500
03182500
03186500
03213700
03237500
03241500
03280700
03285000
03291780
03300400
03340800
03346000
03357350
03364500
03366500
03368000
03384450
03439000
03455500
03456500
03463300
03471500
03473000
03479000
03488000
03498500
03500000
03504000
03574500
03604000
04015330
04024430
04027000
04040500
04043050
04045500
04056500
04057510
04057800
04059500
04063700
04122200
04122500
04127997
04185000
04196800
04213000
04256000
04296000
05056000
05057000
05057200
05120500
05123400
05131500
05291000
05362000
05393500
05399500
05408000
05412500
05413500
05414000
05444000
05454000
05466500
05487980
05489000
05495000
05501000
05525500
05556500
05584500
05585000
05593575
05593900
06191500
06278300
06289000
06332515
06339100
06339500
06344600
06350000
06352000
06353000
06404000
06406000
06409000
06441500
06447500
06450500
06453600
06464500
06468170
06477500
06479438
06601000
06614800
06622700
06623800
06632400
06784000
06803510
06803530
06814000
06853800
06876700
06878000
06885500
06888500
06889200
06889500
06892000
06903400
06910800
06911900
06917000
06918460
06919500
06921070
06921200
07014500
07057500
07066000
07067000
07068000
07071500
07083000
07167500
07180500
07184000
07195800
07197000
07261000
07299670
07315200
07315700
07335700
07340300
07346045
07362100
07373000
08029500
08070000
08079600
08082700
08086212
08086290
08101000
08103900
08104900
08109700
08150800
08164000
08164600
08165300
08175000
08189500
08190000
08195000
08196000
08200000
08377900
08378500
08380500
09034900
09035900
09047700
09066200
09066300
09081600
09210500
09223000
09312600
09352900
09378630
09386900
09430500
09430600
09492400
09494000
09497800
09505350
09505800
09508300
09510200
10205030
10234500
10242000
10244950
10249300
10258500
10259000
10259200
10263500
10316500
10329500
10343500
10396000
11098000
11124500
11141280
11143000
11148900
11162500
11176400
11180500
11224500
11253310
11264500
11266500
11274500
11274630
11284400
11381500
11383500
11451100
11468500
11473900
11475560
11478500
11481200
11482500
11522500
11523200
11528700
11532500
12010000
12020000
12025700
12035000
12040500
12041200
12048000
12054000
12056500
12082500
12092000
12115000
12115500
12117000
12167000
12175500
12178100
12186000
12189500
12358500
12390700
12411000
12414500
12447390
12451000
12488500
13018300
13023000
13083000
13235000
13313000
13331500
13338500
14020000
14137000
14138800
14138870
14138900
14139800
14141500
14154500
14158500
14158790
14166500
14182500
14185000
14222500
14236200
14305500
14306500
14309500
14316700
14325000
14400000